1
42
SEATTLE
0 0
PORTLAND
0 1
BOISE
0 2
BILLINGS
0 3
CHEYENNE
0 4
DENVER
0 5
OMAHA
0 6
SAN FRANCISCO
1 7
LOS ANGELES
1 8
SAN DIEGO
1 9
LAS VEGAS
1 10
PHEONIX
1 11
SALT LAKE CITY
1 12
SANTA FE
1 13
FARGO
2 14
DULUTH
2 15
MINNEAPOLIS
2 16
CHICAGO
2 17
ST LOUIS
2 18
CINCINNATI
2 19
KNOXVILLE
2 20
KANSAS CITY
3 21
OKLAHOMA CITY
3 22
DALLAS
3 23
HOUSTON
3 24
MEMPHIS
3 25
NEW ORLEANS
3 26
BIRMINGHAM
3 27
DETROIT
4 28
BUFFALO
4 29
PITTSBURGH
4 30
WASHINGTON
4 31
BOSTON
4 32
NEW YORK
4 33
PHILADELPHIA
4 34
NORFLOK
5 35
RALEIGH
5 36
ATLANTA
5 37
SAVANNAH
5 38
JACKSONVILLE
5 39
TAMPA
5 40
MIAMI
5 41

AREAS
6
0	1	1	1	0	0
1	0	0	1	0	0
1	0	0	1	1	1
1	1	1	0	0	1
0	0	1	0	0	1
0	0	1	1	1	0

MATRIX
0	3	12	9	0	0	0	0	0	0	0	0	0	0	0	0	0	0	0	0	0	0	0	0	0	0	0	0	0	0	0	0	0	0	0	0	0	0	0	0	0	0
3	0	13	0	0	0	0	24	0	0	0	0	0	0	0	0	0	0	0	0	0	0	0	0	0	0	0	0	0	0	0	0	0	0	0	0	0	0	0	0	0	0
12	13	0	12	24	0	0	23	0	0	0	0	8	0	0	0	0	0	0	0	0	0	0	0	0	0	0	0	0	0	0	0	0	0	0	0	0	0	0	0	0	0
9	0	12	0	9	0	0	0	0	0	0	0	0	0	17	0	18	0	0	0	0	0	0	0	0	0	0	0	0	0	0	0	0	0	0	0	0	0	0	0	0	0
0	0	24	9	0	-1	14	0	0	0	0	0	0	0	0	0	18	0	0	0	0	0	0	0	0	0	0	0	0	0	0	0	0	0	0	0	0	0	0	0	0	0
0	0	0	0	-1	0	0	0	0	0	0	0	21	13	0	0	0	0	0	0	0	16	0	0	0	0	0	0	0	0	0	0	0	0	0	0	0	0	0	0	0	0
0	0	0	0	14	0	0	0	0	0	0	0	0	0	0	0	8	13	0	0	0	5	0	0	0	0	0	0	0	0	0	0	0	0	0	0	0	0	0	0	0	0
0	24	23	0	0	0	0	0	9	0	14	0	27	0	0	0	0	0	0	0	0	0	0	0	0	0	0	0	0	0	0	0	0	0	0	0	0	0	0	0	0	0
0	0	0	0	0	0	0	9	0	3	9	0	0	0	0	0	0	0	0	0	0	0	0	0	0	0	0	0	0	0	0	0	0	0	0	0	0	0	0	0	0	0
0	0	0	0	0	0	0	0	3	0	9	14	0	0	0	0	0	0	0	0	0	0	0	0	0	0	0	0	0	0	0	0	0	0	0	0	0	0	0	0	0	0
0	0	0	0	0	0	0	14	9	9	0	15	18	27	0	0	0	0	0	0	0	0	0	0	0	0	0	0	0	0	0	0	0	0	0	0	0	0	0	0	0	0
0	0	0	0	0	0	0	0	0	14	15	0	0	18	0	0	0	0	0	0	0	0	0	0	0	0	0	0	0	0	0	0	0	0	0	0	0	0	0	0	0	0
0	0	8	0	0	21	0	27	0	0	18	0	0	28	0	0	0	0	0	0	0	0	0	0	0	0	0	0	0	0	0	0	0	0	0	0	0	0	0	0	0	0
0	0	0	0	0	13	0	0	0	0	27	18	28	0	0	0	0	0	0	0	0	16	15	16	21	0	0	0	0	0	0	0	0	0	0	0	0	0	0	0	0	0
0	0	0	17	0	0	0	0	0	0	0	0	0	0	0	6	6	0	0	0	0	0	0	0	0	0	0	0	0	0	0	0	0	0	0	0	0	0	0	0	0	0
0	0	0	0	0	0	0	0	0	0	0	0	0	0	6	0	5	12	0	0	0	0	0	0	0	0	0	0	15	0	0	0	0	0	0	0	0	0	0	0	0	0
0	0	0	18	18	0	8	0	0	0	0	0	0	0	6	5	0	8	0	0	0	0	0	0	0	0	0	0	0	0	0	0	0	0	0	0	0	0	0	0	0	0
0	0	0	0	0	0	13	0	0	0	0	0	0	0	0	12	8	0	10	7	0	8	0	0	0	0	0	0	7	0	0	0	0	0	0	0	0	0	0	0	0	0
0	0	0	0	0	0	0	0	0	0	0	0	0	0	0	0	0	10	0	12	0	6	0	0	0	7	0	0	0	0	0	0	0	0	0	0	0	12	0	0	0	0
0	0	0	0	0	0	0	0	0	0	0	0	0	0	0	0	0	7	12	0	6	0	0	0	0	0	0	0	4	0	7	0	0	0	0	0	15	0	0	0	0	0
0	0	0	0	0	0	0	0	0	0	0	0	0	0	0	0	0	0	0	6	0	0	0	0	0	0	0	0	0	0	0	0	0	0	0	0	0	5	0	0	0	0
0	0	0	0	0	16	5	0	0	0	0	0	0	16	0	0	0	8	6	0	0	0	8	0	0	12	0	0	0	0	0	0	0	0	0	0	0	0	0	0	0	0
0	0	0	0	0	0	0	0	0	0	0	0	0	15	0	0	0	0	0	0	0	8	0	3	0	14	0	0	0	0	0	0	0	0	0	0	0	0	0	0	0	0
0	0	0	0	0	0	0	0	0	0	0	0	0	16	0	0	0	0	0	0	0	0	3	0	5	12	12	0	0	0	0	0	0	0	0	0	0	0	0	0	0	0
0	0	0	0	0	0	0	0	0	0	0	0	0	21	0	0	0	0	0	0	0	0	0	5	0	0	8	0	0	0	0	0	0	0	0	0	0	0	0	0	0	0
0	0	0	0	0	0	0	0	0	0	0	0	0	0	0	0	0	0	7	0	0	12	14	12	0	0	7	6	0	0	0	0	0	0	0	0	0	0	0	0	0	0
0	0	0	0	0	0	0	0	0	0	0	0	0	0	0	0	0	0	0	0	0	0	0	12	8	7	0	11	0	0	0	0	0	0	0	0	0	0	0	16	0	0
0	0	0	0	0	0	0	0	0	0	0	0	0	0	0	0	0	0	0	0	0	0	0	0	0	6	11	0	0	0	0	0	0	0	0	0	0	3	0	9	0	0
0	0	0	0	0	0	0	0	0	0	0	0	0	0	0	15	0	7	0	4	0	0	0	0	0	0	0	0	0	7	6	0	0	0	0	0	0	0	0	0	0	0
0	0	0	0	0	0	0	0	0	0	0	0	0	0	0	0	0	0	0	0	0	0	0	0	0	0	0	0	7	0	7	0	0	8	0	0	0	0	0	0	0	0
0	0	0	0	0	0	0	0	0	0	0	0	0	0	0	0	0	0	0	7	0	0	0	0	0	0	0	0	6	7	0	6	0	0	0	0	7	0	0	0	0	0
0	0	0	0	0	0	0	0	0	0	0	0	0	0	0	0	0	0	0	0	0	0	0	0	0	0	0	0	0	0	6	0	0	0	3	5	0	0	0	0	0	0
0	0	0	0	0	0	0	0	0	0	0	0	0	0	0	0	0	0	0	0	0	0	0	0	0	0	0	0	0	0	0	0	0	3	0	0	0	0	0	0	0	0
0	0	0	0	0	0	0	0	0	0	0	0	0	0	0	0	0	0	0	0	0	0	0	0	0	0	0	0	0	8	0	0	3	0	-1	0	0	0	0	0	0	0
0	0	0	0	0	0	0	0	0	0	0	0	0	0	0	0	0	0	0	0	0	0	0	0	0	0	0	0	0	0	0	3	0	-1	0	0	0	0	0	0	0	0
0	0	0	0	0	0	0	0	0	0	0	0	0	0	0	0	0	0	0	0	0	0	0	0	0	0	0	0	0	0	0	5	0	0	0	0	3	0	0	0	0	0
0	0	0	0	0	0	0	0	0	0	0	0	0	0	0	0	0	0	0	15	0	0	0	0	0	0	0	0	0	0	7	0	0	0	0	3	0	7	7	0	0	0
0	0	0	0	0	0	0	0	0	0	0	0	0	0	0	0	0	0	12	0	5	0	0	0	0	0	0	3	0	0	0	0	0	0	0	0	7	0	7	0	0	0
0	0	0	0	0	0	0	0	0	0	0	0	0	0	0	0	0	0	0	0	0	0	0	0	0	0	0	0	0	0	0	0	0	0	0	0	7	7	0	-1	0	0
0	0	0	0	0	0	0	0	0	0	0	0	0	0	0	0	0	0	0	0	0	0	0	0	0	0	16	9	0	0	0	0	0	0	0	0	0	0	-1	0	4	0
0	0	0	0	0	0	0	0	0	0	0	0	0	0	0	0	0	0	0	0	0	0	0	0	0	0	0	0	0	0	0	0	0	0	0	0	0	0	0	4	0	4
0	0	0	0	0	0	0	0	0	0	0	0	0	0	0	0	0	0	0	0	0	0	0	0	0	0	0	0	0	0	0	0	0	0	0	0	0	0	0	0	4	0