1
42
SEATTLE
0 0 0 -1 -1
PORTLAND
0 1 0 -1 -1
BOISE
0 2 0 -1 -1
BILLINGS
0 3 -1 -1 -1
CHEYENNE
0 4 -1 -1 -1
DENVER
0 5 -1 -1 -1
OMAHA
0 6 -1 -1 -1
SAN FRANCISCO
1 7 1 -1 -1
LOS ANGELES
1 8 1 -1 -1
SAN DIEGO
1 9 1 -1 -1
LAS VEGAS
1 10 1 -1 -1
PHEONIX
1 11 -1 -1 -1
SALT LAKE CITY
1 12 -1 -1 -1
SANTA FE
1 13 -1 -1 -1
FARGO
2 14 -1 -1 -1
DULUTH
2 15 -1 -1 -1
MINNEAPOLIS
2 16 3 -1 -1
CHICAGO
2 17 3 -1 -1
ST LOUIS
2 18 3 -1 -1
CINCINNATI
2 19 3 -1 -1
KNOXVILLE
2 20 3 -1 -1
KANSAS CITY
3 21 -1 -1 -1
OKLAHOMA CITY
3 22 -1 -1 -1
DALLAS
3 23 -1 -1 -1
HOUSTON
3 24 -1 -1 -1
MEMPHIS
3 25 -1 -1 -1
NEW ORLEANS
3 26 2 -1 -1
BIRMINGHAM
3 27 -1 -1 -1
DETROIT
4 28 -1 -1 -1
BUFFALO
4 29 -1 -1 -1
PITTSBURGH
4 30 -1 -1 -1
WASHINGTON
4 31 -1 -1 -1
BOSTON
4 32 -1 -1 -1
NEW YORK
4 33 -1 -1 -1
PHILADELPHIA
4 34 -1 -1 -1
NORFLOK
5 35 -1 -1 -1
RALEIGH
5 36 -1 -1 -1
ATLANTA
5 37 -1 -1 -1
SAVANNAH
5 38 -1 -1 -1
JACKSONVILLE
5 39 -1 -1 -1
TAMPA
5 40 -1 -1 -1
MIAMI
5 41 -1 -1 -1

AREAS
6
0	1	1	1	0	0
1	0	0	1	0	0
1	0	0	1	1	1
1	1	1	0	0	1
0	0	1	0	0	1
0	0	1	1	1	0

VALID
4
0 1 2 3

MATRIX
0	3	12	9	0	0	0	0	0	0	0	0	0	0	0	0	0	0	0	0	0	0	0	0	0	0	0	0	0	0	0	0	0	0	0	0	0	0	0	0	0	0
3	0	13	0	0	0	0	24	0	0	0	0	0	0	0	0	0	0	0	0	0	0	0	0	0	0	0	0	0	0	0	0	0	0	0	0	0	0	0	0	0	0
12	13	0	12	24	0	0	23	0	0	0	0	8	0	0	0	0	0	0	0	0	0	0	0	0	0	0	0	0	0	0	0	0	0	0	0	0	0	0	0	0	0
9	0	12	0	9	0	0	0	0	0	0	0	0	0	17	0	18	0	0	0	0	0	0	0	0	0	0	0	0	0	0	0	0	0	0	0	0	0	0	0	0	0
0	0	24	9	0	-1	14	0	0	0	0	0	0	0	0	0	18	0	0	0	0	0	0	0	0	0	0	0	0	0	0	0	0	0	0	0	0	0	0	0	0	0
0	0	0	0	-1	0	0	0	0	0	0	0	21	13	0	0	0	0	0	0	0	16	0	0	0	0	0	0	0	0	0	0	0	0	0	0	0	0	0	0	0	0
0	0	0	0	14	0	0	0	0	0	0	0	0	0	0	0	8	13	0	0	0	5	0	0	0	0	0	0	0	0	0	0	0	0	0	0	0	0	0	0	0	0
0	24	23	0	0	0	0	0	9	0	14	0	27	0	0	0	0	0	0	0	0	0	0	0	0	0	0	0	0	0	0	0	0	0	0	0	0	0	0	0	0	0
0	0	0	0	0	0	0	9	0	3	9	0	0	0	0	0	0	0	0	0	0	0	0	0	0	0	0	0	0	0	0	0	0	0	0	0	0	0	0	0	0	0
0	0	0	0	0	0	0	0	3	0	9	14	0	0	0	0	0	0	0	0	0	0	0	0	0	0	0	0	0	0	0	0	0	0	0	0	0	0	0	0	0	0
0	0	0	0	0	0	0	14	9	9	0	15	18	27	0	0	0	0	0	0	0	0	0	0	0	0	0	0	0	0	0	0	0	0	0	0	0	0	0	0	0	0
0	0	0	0	0	0	0	0	0	14	15	0	0	18	0	0	0	0	0	0	0	0	0	0	0	0	0	0	0	0	0	0	0	0	0	0	0	0	0	0	0	0
0	0	8	0	0	21	0	27	0	0	18	0	0	28	0	0	0	0	0	0	0	0	0	0	0	0	0	0	0	0	0	0	0	0	0	0	0	0	0	0	0	0
0	0	0	0	0	13	0	0	0	0	27	18	28	0	0	0	0	0	0	0	0	16	15	16	21	0	0	0	0	0	0	0	0	0	0	0	0	0	0	0	0	0
0	0	0	17	0	0	0	0	0	0	0	0	0	0	0	6	6	0	0	0	0	0	0	0	0	0	0	0	0	0	0	0	0	0	0	0	0	0	0	0	0	0
0	0	0	0	0	0	0	0	0	0	0	0	0	0	6	0	5	12	0	0	0	0	0	0	0	0	0	0	15	0	0	0	0	0	0	0	0	0	0	0	0	0
0	0	0	18	18	0	8	0	0	0	0	0	0	0	6	5	0	8	0	0	0	0	0	0	0	0	0	0	0	0	0	0	0	0	0	0	0	0	0	0	0	0
0	0	0	0	0	0	13	0	0	0	0	0	0	0	0	12	8	0	10	7	0	8	0	0	0	0	0	0	7	0	0	0	0	0	0	0	0	0	0	0	0	0
0	0	0	0	0	0	0	0	0	0	0	0	0	0	0	0	0	10	0	12	0	6	0	0	0	7	0	0	0	0	0	0	0	0	0	0	0	12	0	0	0	0
0	0	0	0	0	0	0	0	0	0	0	0	0	0	0	0	0	7	12	0	6	0	0	0	0	0	0	0	4	0	7	0	0	0	0	0	15	0	0	0	0	0
0	0	0	0	0	0	0	0	0	0	0	0	0	0	0	0	0	0	0	6	0	0	0	0	0	0	0	0	0	0	0	0	0	0	0	0	0	5	0	0	0	0
0	0	0	0	0	16	5	0	0	0	0	0	0	16	0	0	0	8	6	0	0	0	8	0	0	12	0	0	0	0	0	0	0	0	0	0	0	0	0	0	0	0
0	0	0	0	0	0	0	0	0	0	0	0	0	15	0	0	0	0	0	0	0	8	0	3	0	14	0	0	0	0	0	0	0	0	0	0	0	0	0	0	0	0
0	0	0	0	0	0	0	0	0	0	0	0	0	16	0	0	0	0	0	0	0	0	3	0	5	12	12	0	0	0	0	0	0	0	0	0	0	0	0	0	0	0
0	0	0	0	0	0	0	0	0	0	0	0	0	21	0	0	0	0	0	0	0	0	0	5	0	0	8	0	0	0	0	0	0	0	0	0	0	0	0	0	0	0
0	0	0	0	0	0	0	0	0	0	0	0	0	0	0	0	0	0	7	0	0	12	14	12	0	0	7	6	0	0	0	0	0	0	0	0	0	0	0	0	0	0
0	0	0	0	0	0	0	0	0	0	0	0	0	0	0	0	0	0	0	0	0	0	0	12	8	7	0	11	0	0	0	0	0	0	0	0	0	0	0	16	0	0
0	0	0	0	0	0	0	0	0	0	0	0	0	0	0	0	0	0	0	0	0	0	0	0	0	6	11	0	0	0	0	0	0	0	0	0	0	3	0	9	0	0
0	0	0	0	0	0	0	0	0	0	0	0	0	0	0	15	0	7	0	4	0	0	0	0	0	0	0	0	0	7	6	0	0	0	0	0	0	0	0	0	0	0
0	0	0	0	0	0	0	0	0	0	0	0	0	0	0	0	0	0	0	0	0	0	0	0	0	0	0	0	7	0	7	0	0	8	0	0	0	0	0	0	0	0
0	0	0	0	0	0	0	0	0	0	0	0	0	0	0	0	0	0	0	7	0	0	0	0	0	0	0	0	6	7	0	6	0	0	0	0	7	0	0	0	0	0
0	0	0	0	0	0	0	0	0	0	0	0	0	0	0	0	0	0	0	0	0	0	0	0	0	0	0	0	0	0	6	0	0	0	3	5	0	0	0	0	0	0
0	0	0	0	0	0	0	0	0	0	0	0	0	0	0	0	0	0	0	0	0	0	0	0	0	0	0	0	0	0	0	0	0	3	0	0	0	0	0	0	0	0
0	0	0	0	0	0	0	0	0	0	0	0	0	0	0	0	0	0	0	0	0	0	0	0	0	0	0	0	0	8	0	0	3	0	-1	0	0	0	0	0	0	0
0	0	0	0	0	0	0	0	0	0	0	0	0	0	0	0	0	0	0	0	0	0	0	0	0	0	0	0	0	0	0	3	0	-1	0	0	0	0	0	0	0	0
0	0	0	0	0	0	0	0	0	0	0	0	0	0	0	0	0	0	0	0	0	0	0	0	0	0	0	0	0	0	0	5	0	0	0	0	3	0	0	0	0	0
0	0	0	0	0	0	0	0	0	0	0	0	0	0	0	0	0	0	0	15	0	0	0	0	0	0	0	0	0	0	7	0	0	0	0	3	0	7	7	0	0	0
0	0	0	0	0	0	0	0	0	0	0	0	0	0	0	0	0	0	12	0	5	0	0	0	0	0	0	3	0	0	0	0	0	0	0	0	7	0	7	0	0	0
0	0	0	0	0	0	0	0	0	0	0	0	0	0	0	0	0	0	0	0	0	0	0	0	0	0	0	0	0	0	0	0	0	0	0	0	7	7	0	-1	0	0
0	0	0	0	0	0	0	0	0	0	0	0	0	0	0	0	0	0	0	0	0	0	0	0	0	0	16	9	0	0	0	0	0	0	0	0	0	0	-1	0	4	0
0	0	0	0	0	0	0	0	0	0	0	0	0	0	0	0	0	0	0	0	0	0	0	0	0	0	0	0	0	0	0	0	0	0	0	0	0	0	0	4	0	4
0	0	0	0	0	0	0	0	0	0	0	0	0	0	0	0	0	0	0	0	0	0	0	0	0	0	0	0	0	0	0	0	0	0	0	0	0	0	0	0	4	0